# Generated from 2015-07-30-20-10-14.bag on 2015-07-30.
mag_bias:
     x: -0.006788
     y: 0.044196
     z: -0.961174
     radius: 0.399929
